              precision    recall  f1-score   support

           0     0.9520    0.9512    0.9516      1127
           1     0.9764    0.9869    0.9816      2139
           2     0.9924    0.9902    0.9913       922
           3     0.0000    0.0000    0.0000        11
           4     0.9569    0.9250    0.9407       240
           5     1.0000    0.6667    0.8000         3

    accuracy                         0.9725      4442
   macro avg     0.8130    0.7533    0.7775      4442
weighted avg     0.9701    0.9725    0.9713      4442
