              precision    recall  f1-score   support

           0     0.7619    0.8000    0.7805        60
           1     0.9333    0.9333    0.9333        60
           2     0.9661    0.9500    0.9580        60
           3     0.5714    0.3636    0.4444        11
           4     0.9016    0.9167    0.9091        60
           5     0.7500    1.0000    0.8571         3

    accuracy                         0.8780       254
   macro avg     0.8141    0.8273    0.8137       254
weighted avg     0.8753    0.8780    0.8753       254
