              precision    recall  f1-score   support

           0     0.9514    0.9547    0.9531      1127
           1     0.9797    0.9906    0.9851      2139
           2     0.9956    0.9924    0.9940       922
           3     0.0000    0.0000    0.0000        11
           4     0.9604    0.9083    0.9336       240
           5     0.5000    0.3333    0.4000         3

    accuracy                         0.9746      4442
   macro avg     0.7312    0.6966    0.7110      4442
weighted avg     0.9720    0.9746    0.9732      4442
